542
2114
6463
8410
957
8046
8568
4099
5201
8524
560
229
7989
3883
5493
3111
8131
2898
3454
3387
1023
4321
8305
1011
5439
691
8437
7472
3035
3377
9317
7605
1277
3680
3900
2330
2501
3786
4019
541
6300
2986
2613
9458
4595
2577
3052
2747
7368
2197
8970
3011
5203
9321
4645
3621
2499
6872
7839
138
3216
7291
7505
9646
2557
5386
8996
9284
5676
8655
2588
1168
5053
3174
4802
3186
9941
2497
316
8883
1815
8247
3131
7543
737
8620
7808
8675
7958
3404
1819
8584
3731
1441
1954
1149
4976
5605
1115
4299
8102
3393
7927
4417
1463
5107
6282
3688
5310
4190
6459
3665
2228
2075
4836
4635
4412
6110
3814
1696
1868
8339
5613
3791
8920
1271
9595
948
7165
3076
4004
7683
5302
4292
8854
9700
270
4278
5474
9401
1892
9517
4651
8091
9028
3062
7194
2353
23
8786
60
514
9433
434
6569
4354
7363
1105
5777
8841
6789
8363
2660
3265
2354
9995
8510
9758
2903
1521
6318
7336
9977
8355
9154
6579
6618
8154
5633
80
2968
2094
1924
1020
7490
7804
9282
166
1720
7123
1030
4062
1822
3582
3615
7401
1532
1787
7460
4337
4005
1802
1586
4425
9554
466
2691
223
4155
7693
348
7562
9041
3188
6948
2466
2011
533
8012
4302
4651
7232
9040
7817
5387
6129
1416
8942
490
7176
4331
1619
8957
7861
6017
9058
6004
8958
9586
4993
7290
4131
3281
6659
216
6776
3807
8584
215
2449
7949
3999
5215
2621
6817
5324
737
5145
9604
2805
78
4262
8647
5430
5154
5700
2175
9652
6369
2557
2836
3087
8252
7358
7537
8544
4495
6048
1689
1890
7354
2389
919
7005
410
1742
6895
9213
2771
1977
3287
8017
1757
2920
9436
8447
4281
477
6946
6950
8846
401
8827
6523
1363
8340
1347
8997
2747
4286
3526
9348
7161
7204
9135
3371
830
4903
4429
5134
6726
8918
7028
311
6539
2307
8606
8483
5508
6931
5212
9001
9199
3775
7757
7531
550
9352
8105
6453
6912
9943
2330
8386
615
9794
9736
4509
7825
475
4688
3317
2589
9107
1760
3786
5276
7067
1985
1572
2522
6571
3361
2452
1335
4011
8045
2130
3223
9006
7304
1796
6130
7679
570
3456
5672
3476
8183
6744
9365
6303
2490
3157
8573
244
5118
5231
484
7844
7962
40
3228
6695
4567
2872
2108
9209
95
371
9802
7403
7091
903
9653
154
3464
1058
7073
8541
7984
8480
1871
839
3105
6577
6536
3933
8916
2105
455
5218
6363
4658
1536
1581
3760
1516
2033
5244
7703
852
8675
5122
7583
2578
380
6860
1674
1660
9941
3393
3862
9160
1699
2183
6855
6191
2949
8018
5571
9533
1256
4296
2234
2597
874
1040
6272
9234
233
2889
3401
2696
8551
9767
3104
1000
4365
4392
9795
6562
6985
1524
8430
1845
7173
7795
594
8578
9909
904
2626
959
4669
5307
5386
8663
589
5605
6173
4926
842
5572
1321
866
3673
3519
1657
1806
4459
2947
7895
8824
1376
5771
3243
282
2985
7646
3013
4254
9006
2386
675
4162
2121
3215
7551
7723
7053
4623
4617
3989
5382
9601
7772
24
9950
940
6847
8087
2761
7089
9674
8194
2286
4761
659
2300
9603
6973
5748
3575
9828
5653
5739
1882
95
7800
3422
6772
8335
4498
8840
347
8370
564
7445
2397
7593
3332
1622
9208
5325
4373
8257
7525
7048
4882
3720
526
5175
5300
9396
7568
5770
1331
1533
3212
4244
873
2937
88
4518
5378
1984
8483
1731
6656
9096
7973
1967
6043
3521
3060
5657
3781
9550
3059
8674
1611
4958
6597
552
9655
5191
1999
852
4338
9695
3244
4972
1384
3942
3882
9014
6228
6387
8113
1483
7242
7929
9652
5539
4083
2693
2080
6962
7539
2295
9857
3646
9190
1467
7284
2220
2985
8899
7175
7607
2902
7202
781
4428
7527
552
5118
1748
1867
6773
9802
9599
2118
7324
3294
1561
1650
1414
1887
7516
2628
9327
2036
4130
2378
6177
6816
4821
4192
6842
172
5846
385
9997
659
8614
4987
6355
9703
6035
4747
9611
7810
4482
8583
6325
2855
4390
5483
9079
5318
2203
6619
4586
9086
8690
4648
2580
1116
7001
1470
3074
2802
3445
6457
2850
1428
1855
9479
3451
2139
168
6121
8713
3756
2970
8403
3897
9475
8829
8355
6941
1096
9075
2382
5932
8772
6481
4006
9433
6477
8602
8216
4222
8221
8009
1185
838
9393
5434
2593
5380
6429
4454
5463
8899
1293
3786
2572
9754
2006
6931
5580
4539
5066
4520
6047
57
1515
2659
1607
6068
8263
4829
7649
9123
2593
5957
2941
1660
1680
1293
8411
1298
2913
3906
1051
1308
6056
5094
4087
3726
1492
9355
7069
6951
8768
4653
3971
9558
7829
9149
6095
4041
7693
4598
7295
7891
674
9918
7474
6857
7541
843
6138
6874
955
8143
809
3129
274
6337
4056
1816
3441
4185
9687
9139
2461
8840
6606
2101
6312
4738
9938
3163
2307
3961
420
8612
3748
6119
2547
225
4083
7079
4321
5359
6607
4241
9587
2621
2654
3233
7570
2556
5937
4770
6111
8291
4549
3900
292
1756
6438
1478
3237
9151
2750
8186
3557
6984
7964
85
7396
9591
5663
8039
1206
1861
7073
5981
7663
2206
9281
7048
2923
8175
2712
6905
4810
684
9101
2460
4328
7006
1909
6766
4123
2136
3106
6333
8405
3589
2188
5163
1402
2272
9581
5437
4795
9680
3797
4022
1201
3197
9918
4331
2469
3475
298
5987
2043
7346
5177
2685
7727
1743
2583
2670
1096
5851
6738
5301
1578
2478
8025
1117
2168
5648
1791
191
2693
532
3167
3552
3803
5905
5066
9038
4949
9406
4732
9731
7703
1545
3436
9572
5709
7540
8594
8105
3841
6732
2035
9080
3190
3480
1367
8256
8226
474
7980
2991
8008
7909
8675
3808
163
3132
4088
6997
3103
7986
2208
8285
9520
2372
6315
6675
5062
4431
9528
2979
9625
9231
3656
4888
9774
4197
5034
6215
9260
5796
9238
2
2328
8920
7989
2106
8908
8227
4093
7364
38
8405
2123
1670
1116
8264
889
8463
6542
5558
4847
464
9940
5511
9093
1563
8742
8426
5655
982
1083
6463
4865
3612
7464
7247
6762
9057
2954
7353
8813
8991
6303
9754
8657
7313
9359
8504
4491
396
5064
5851
5722
6773
7318
8649
6272
499
3522
492
7296
1986
3537
498
4370
8305
5214
9312
8420
1945
2834
3603
8363
9322
4894
2358
5431
7619
971
4665
1124
574
2601
9172
2700
7302
4148
1160
4570
6005
4709
5310
9082
7551
9509
2702
237
645
4940
6958
7048
9974
7399
9925
9003
7384
4135
203
8959
1407
4806
2735
2521
3576
6037
3012
6555
5557
7201
9737
3242
918
2020
6948
634
3935
4968
7178
1653
6267
2822
6045
9770
2397
9389
243
6482
943
5790
8319
1407
7018
2547
4238
4461
7760
8544
8128
5898
7769
3218
5312
9730
1752
1315
6562
6898
2745
1200
9736
3598
6393
1634
4274
6943
6754
136
7504
2084
7874
6582
436
8489
9415
3191
6281
5973
4745
1581
202
685
1907
1961
4736
1606
5343
534
3420
7160
4750
1584
1101
5949
6753
4066
3151
777
4328
3725
8161
2260
8996
5764
6064
6803
8954
7716
3301
6500
3174
3937
3735
3432
1577
9516
6975
3947
9617
6241
8007
734
5604
6908
9885
774
9817
1995
2842
2717
3139
287
1817
4615
7706
3388
550
5231
3080
7664
1381
8655
2093
9504
1612
2671
4319
8110
2670
9380
3137
4487
4565
5898
6207
4425
8235
7628
2003
3761
1973
3024
5447
5106
3533
6656
8488
9218
2794
8611
9940
8366
9678
8122
4816
2222
540
2229
183
1588
4580
870
9731
5933
3964
3742
1313
8954
7260
1764
2437
3048
6806
740
8073
507
3185
6180
7635
6809
4193
881
3858
7027
6308
2664
5252
5167
4875
176
6616
9296
3267
7173
4474
9879
6815
672
3745
563
8772
2097
8577
2819
7936
5055
2893
4365
8424
902
5549
9175
7805
7791
5431
1810
7690
2877
9181
9510
9021
9811
771
4680
7183
6436
6764
3369
2450
2178
8592
7000
4102
8440
6908
4632
4728
6099
966
3420
5639
2427
4906
8798
644
6383
1718
239
9525
9342
5279
4920
2806
322
4622
5935
7198
8007
4619
150
6265
2554
5732
6222
5463
5788
5098
3001
1744
2678
1304
8492
8850
5814
6752
4515
4425
9447
6596
6974
2297
1519
286
6185
5435
561
5613
7722
6450
4147
5132
3891
1161
4123
8817
8392
1802
6930
159
2314
9133
2954
7048
1794
9564
780
690
2873
7552
6746
7428
7124
1929
8451
1902
8573
1470
6821
6451
7644
4527
2652
1812
1125
4644
2280
4329
3386
6261
3053
4430
9873
1620
3957
8041
1681
9034
3904
3828
6358
157
1211
5547
4340
5915
7566
4195
8471
9045
1152
5988
2025
1563
7621
1461
5741
3552
2887
1587
3993
826
8082
2029
3104
1320
4041
815
2205
6880
4359
9353
8668
1188
1104
8588
9170
1888
9062
6144
3709
7395
1799
997
2805
2184
4787
6196
5106
7264
4523
6576
2040
2589
1141
9599
3037
4573
9580
7679
7275
353
1460
2919
7120
1385
3356
2987
9362
7087
3660
811
1857
2028
3230
9849
5493
8442
393
9717
422
7592
5800
262
3867
9907
7081
5639
9242
5431
145
3212
6093
2674
5868
8656
2790
8305
4771
3741
5833
4842
7847
4934
8216
3812
4761
52
6476
2471
44
6699
3182
812
5778
8969
2246
2048
3506
5083
7259
4923
5083
9051
7801
2007
8835
3001
2369
751
5353
4325
2474
69
4360
1991
8133
5696
540
5675
7742
5537
7583
7388
1406
6368
3900
172
9534
5096
6677
7853
326
3323
7776
5951
8083
3155
4284
1798
1542
2679
6657
1175
1625
4630
2742
1904
7246
8754
6236
9569
16
4124
2999
4491
9258
2185
5868
1187
7270
4862
3910
7266
3581
93
9395
3324
6989
3547
1644
4268
8058
3677
8753
1976
3387
9791
9858
2454
8757
6816
5323
7371
1541
397
4823
6091
3622
1369
6197
7859
9714
6182
392
8766
5285
8579
5880
4167
8733
6402
566
4844
9150
5269
316
7564
3299
4916
2115
8285
9455
7709
7614
1708
1633
2648
9796
1810
3237
1750
4955
9791
4774
6518
6016
7557
9570
147
2531
4756
5271
4670
8286
8237
5961
275
4630
8582
5621
7850
8715
9721
1951
253
906
8185
696
5409
2561
1330
4796
9507
8482
171
7927
5808
5809
2107
4440
496
7223
8917
1981
1201
6985
2354
4062
8812
7779
3050
6054
581
2014
1070
1195
5300
7569
7925
5135
1435
1555
3472
8767
3060
7806
4716
824
7929
1199
7364
1306
9871
5962
2353
789
6863
9323
3503
4624
994
4631
4908
3576
6601
3393
9552
4245
631
8040
6484
5081
5243
1406
7632
5953
3629
2115
1685
8302
2180
1360
8436
5181
3570
2335
1657
1602
2317
3847
9463
5348
8987
8774
8193
3489
1785
5399
3843
9986
712
68
1083
3242
4741
581
4823
4600
1587
7093
9259
2907
6246
789
3983
6405
6479
1194
2451
5912
9487
1410
7664
2030
3994
3892
301
645
1434
2117
7706
7510
5037
7559
5149
7638
6300
5548
8374
8230
3128
1016
2913
1349
4595
5093
6424
4918
2360
7183
2210
4940
2105
2399
1100
7185
6243
6390
2643
1046
8128
4863
5003
661
1192
7079
4830
3570
1573
184
3300
2272
3554
5840
2988
3056
366
1233
2805
4179
8115
9250
2203
9121
7838
7555
305
1074
731
1214
3223
6346
7630
7992
3560
562
3807
294
8227
8529
1395
8045
8148
1418
6404
2274
4959
4302
4333
576
6936
7634
9155
7
6833
4843
3955
3377
4001
4374
7844
4465
2013
5892
5481
1797
2182
6882
3766
8538
1184
2823
6843
1774
2682
6583
9202
8080
9902
8101
8289
4516
1382
1301
5149
4722
3977
3342
1051
5582
6753
2303
9748
8259
3658
729
8116
4569
986
4377
3167
8853
9447
5721
7377
4303
761
1788
464
1311
9550
2360
4705
9249
3427
3249
659
696
6246
1567
1131
9038
4229
1345
4349
7784
4866
2315
85
8232
4998
59
2447
6749
3614
6490
729
2854
119
6045
5202
8531
9522
1915
4319
8668
1700
3913
5082
5195
7020
5073
7399
3860
6529
2018
4085
8853
888
7920
4845
1256
9199
5516
1483
3013
9753
8254
2582
7300
5318
2462
8861
7969
9166
3555
6479
1800
7851
5059
2071
8496
4576
3833
5699
8932
1833
3156
2415
4940
8576
1547
3555
7834
473
3631
5430
64
9979
3913
4349
9584
444
3299
1635
3195
3223
7491
4599
3786
7820
9585
7437
8059
7333
5481
4962
1587
2577
8732
8656
1890
8527
3297
3785
8005
6408
4921
1027
8724
2232
7712
4385
7483
2267
2111
9466
6198
3489
5471
4345
5990
8285
7272
3712
9696
4624
7959
7417
1061
3836
5374
3226
3996
2728
4389
692
5914
1136
1918
4937
8164
8373
1574
3655
3900
2200
1976
5285
39
3502
5467
4377
5183
5393
4892
4132
1764
212
4054
5099
9053
3296
9453
419
5980
3311
8731
6359
9840
7892
466
2409
5332
3237
1552
3075
5220
4135
3504
5176
8320
8517
1932
4157
7145
4908
7920
3277
5273
6869
8043
1661
8527
1663
3247
1581
6231
5865
3799
4423
8601
3210
824
4472
264
6477
1872
1528
8714
2012
7995
4792
6823
9431
4517
774
4874
305
1898
3488
7156
4648
5176
4003
9744
8191
2422
3934
5122
4665
7118
6264
5129
5124
4869
3563
6403
1840
4508
283
3472
8811
383
8919
190
4842
602
1099
1331
8502
7276
2527
5802
9264
563
7440
7108
4066
1655
6153
9983
708
6643
1790
8325
7480
7565
3204
3163
3698
3639
5248
5098
8791
8254
2123
5371
450
9808
9166
7498
1773
3915
1488
7853
3234
7248
7993
9726
7133
758
2418
6116
8013
3098
9900
176
5672
9124
3305
3363
8312
7398
8330
8413
8454
2429
2534
7280
4129
1498
9828
499
11
4474
9478
5522
4417
8145
9026
5491
3668
7862
8638
3508
3673
9864
8951
1167
7417
6846
1389
335
6933
9099
6767
2957
5339
96
9550
403
3646
620
3185
801
5524
5695
3957
5166
9201
8252
7838
630
7835
8780
655
4178
2523
3871
7842
3782
495
2238
5796
2611
3518
348
480
8397
1897
5723
8198
4374
970
7354
7976
3833
6412
4924
4209
5427
7559
9636
9314
4668
9014
5996
6651
6996
6375
7701
754
6872
9166
5113
7523
5443
2646
3500
7540
4497
2614
9121
6595
3743
7483
5225
222
6206
9655
4534
9647
7591
5446
9534
1282
9912
4233
4778
5045
3116
8946
9982
6155
4601
2970
6483
4972
7331
1922
9776
8461
9230
788
3176
887
9825
3893
2076
5415
1893
201
9697
6529
1852
4611
2988
5169
3647
1992
2570
9296
6320
8863
3340
7568
4366
1495
8560
3701
9607
3636
3899
7791
5912
4920
3186
5176
1327
1034
3975
3254
2882
8694
6880
1533
8504
9745
5892
132
260
2135
5503
8339
6419
4722
3365
7798
1179
6121
1667
4480
9267
7395
8033
6304
370
4758
9523
5272
719
6337
7519
3232
5319
